Total de beneficiários:
    Total  Média do total anual      Média  Desvio padrão   Q0  Mediana    Q1  Mínimo  Máximo
6145623.0              409708.2 825.026581    2507.559843 99.0    254.0 668.0     1.0 54272.0

Mínimo(s):
      Nome cidade  Ano  Total de beneficiários
 Boa Vista do Sul 2017                       1
Monte Belo do Sul 2008                       1
Monte Belo do Sul 2010                       1
Monte Belo do Sul 2011                       1
    São Vendelino 2019                       1

Máximo(s):
 Nome cidade  Ano  Total de beneficiários
Porto Alegre 2015                   54272

Métricas anuais:
       Total       Média  Desvio padrão      Q0  Mediana      Q1  Mínimo  Máximo
Ano                                                                             
2007  410540  827.701613    2080.678316  135.75    269.5  703.25       2   32534
2008  367631  741.191532    1808.565027  113.00    238.5  642.00       1   27479
2009  462966  933.399194    2356.437636  129.75    290.5  800.00       2   34682
2010  453761  914.840726    2290.535284  125.75    298.0  776.75       1   36130
2011  451438  910.157258    2419.218962  118.50    298.5  750.50       1   40912
2012  463519  934.514113    2596.757391  125.75    316.0  758.25       4   46223
2013  455421  916.340040    2727.384466  119.00    303.0  736.00       3   50196
2014  434715  874.678068    2751.058626  105.00    280.0  713.00       3   52060
2015  427939  861.044266    2843.627996   95.00    273.0  664.00       4   54272
2016  379234  763.046278    2632.109363   84.00    228.0  587.00       4   51039
2017  364325  733.048290    2457.015363   80.00    229.0  578.00       1   46994
2018  367805  740.050302    2622.687683   79.00    214.0  575.00       2   50617
2019  325960  655.855131    2310.143477   65.00    186.0  518.00       1   44406
2020  378103  760.770624    2741.428258   73.00    211.0  566.00       2   52597
2021  402266  809.388330    2754.432788   82.00    220.0  600.00       3   51478
=================================================================

Valor total repassado:
       Total  Média do total anual        Média  Desvio padrão       Q0  Mediana       Q1  Mínimo      Máximo
8746952712.0           583130180.8 1.174245e+06   4.469183e+06 121220.0 340379.0 871155.0   620.0 126671933.0

Mínimo(s):
   Nome cidade  Ano  Valor total repassado
Pinto Bandeira 2013                  620.0

Máximo(s):
 Nome cidade  Ano  Valor total repassado
Porto Alegre 2016            126671933.0

Métricas anuais:
            Total         Média  Desvio padrão         Q0   Mediana          Q1  Mínimo       Máximo
Ano                                                                                                 
2007  320167620.0  6.454992e+05   1.719666e+06   99599.75  211452.0   513195.50  1280.0   28071944.0
2008  357820394.0  7.214121e+05   1.877750e+06  104678.00  236478.0   596417.50  1134.0   29936626.0
2009  425434593.0  8.577310e+05   2.255356e+06  117229.75  270371.0   690717.75   752.0   36144238.0
2010  484177081.0  9.761635e+05   2.487287e+06  132105.25  313992.0   836223.25   660.0   39172408.0
2011  571783025.0  1.152788e+06   3.095326e+06  144723.50  360720.0   959138.25   708.0   51882419.0
2012  680500672.0  1.371977e+06   4.058955e+06  167701.50  439751.0  1110493.00  4408.0   74080772.0
2013  756838872.0  1.522815e+06   5.017807e+06  184132.00  486852.0  1248676.00   620.0   97063282.0
2014  793729853.0  1.597042e+06   5.782767e+06  175330.00  495185.0  1309313.00  4759.0  115098650.0
2015  774663570.0  1.558679e+06   5.846552e+06  168955.00  480532.0  1207144.00  6342.0  117072093.0
2016  747126338.0  1.503272e+06   6.197728e+06  164498.00  434417.0  1115620.00  6725.0  126671933.0
2017  695069373.0  1.398530e+06   5.763600e+06  142179.00  393064.0  1039363.00  4569.0  117023391.0
2018  726181625.0  1.461130e+06   5.973297e+06  146066.00  402790.0  1035151.00  3447.0  119895267.0
2019  722094029.0  1.452905e+06   6.046991e+06  137969.00  368344.0  1032707.00  3216.0  121437999.0
2020  253997881.0  5.110621e+05   2.169470e+06   48273.00  125394.0   357245.00  1550.0   43686117.0
2021  437367786.0  8.800157e+05   3.585783e+06   82656.00  212324.0   602375.00  2958.0   70905179.0
=================================================================

População beneficiária:
     Total  Média do total anual    Média  Desvio padrão       Q0  Mediana      Q1   Mínimo  Máximo
333.590511             22.239367 0.044783       0.030028 0.020352 0.040596 0.06409 0.000358 0.15711

Mínimo(s):
     Nome cidade  Ano  População beneficiária
Boa Vista do Sul 2017                0.000358

Máximo(s):
             Nome cidade  Ano  População beneficiária
Benjamin Constant do Sul 2021                 0.15711

Métricas anuais:
          Total     Média  Desvio padrão        Q0   Mediana        Q1    Mínimo    Máximo
Ano                                                                                       
2007  23.915963  0.048218       0.026610  0.026077  0.046274  0.069356  0.000724  0.118625
2008  21.872238  0.044097       0.025921  0.022313  0.040989  0.063452  0.000364  0.114104
2009  25.748839  0.051913       0.031276  0.026091  0.048492  0.073899  0.000733  0.147123
2010  26.045815  0.052512       0.032192  0.026394  0.048671  0.076679  0.000368  0.143422
2011  25.703190  0.051821       0.032699  0.024955  0.048290  0.077482  0.000371  0.138524
2012  26.393567  0.053213       0.033015  0.026095  0.048722  0.077674  0.001396  0.149200
2013  25.355615  0.051017       0.032475  0.024140  0.046247  0.074734  0.001020  0.146213
2014  23.893568  0.048076       0.031666  0.022297  0.043818  0.070339  0.001169  0.146793
2015  22.635453  0.045544       0.029993  0.019906  0.041349  0.068042  0.001454  0.136116
2016  19.906598  0.040054       0.027237  0.016901  0.035945  0.058451  0.001884  0.131532
2017  19.249704  0.038732       0.027627  0.016893  0.033294  0.053911  0.000358  0.141950
2018  18.467844  0.037159       0.027080  0.015869  0.033016  0.051327  0.000761  0.146200
2019  16.444662  0.033088       0.025372  0.013636  0.028101  0.047299  0.000458  0.140819
2020  18.344964  0.036911       0.027139  0.015617  0.032376  0.051420  0.000901  0.148542
2021  19.612491  0.039462       0.027984  0.016725  0.034848  0.055970  0.001335  0.157110
=================================================================

Repasse por beneficiário:
       Total  Média do total anual       Média  Desvio padrão        Q0     Mediana          Q1     Mínimo  Máximo
1.034250e+07         689500.011698 1388.441425     532.013142 944.05534 1373.142857 1769.663317 206.666667  7545.5

Mínimo(s):
   Nome cidade  Ano  Repasse por beneficiário
Pinto Bandeira 2013                206.666667

Máximo(s):
    Nome cidade  Ano  Repasse por beneficiário
Fagundes Varela 2018                    7545.5

Métricas anuais:
             Total        Média  Desvio padrão           Q0      Mediana           Q1       Mínimo       Máximo
Ano                                                                                                            
2007  3.706062e+05   747.189934     108.297139   686.260929   750.666394   818.958364   398.882353  1199.937500
2008  4.593042e+05   926.016606     123.665219   855.220439   939.556276  1005.970178   405.777778  1335.333333
2009  4.560009e+05   919.356707     139.553734   849.090096   921.233218   998.521072   376.000000  1839.153846
2010  5.062146e+05  1020.594032     136.160127   952.454173  1040.805433  1100.367008   293.333333  1433.111111
2011  6.043906e+05  1218.529407     135.353258  1154.770805  1234.963884  1298.602805   608.416667  1587.888278
2012  6.925584e+05  1396.287030     152.830069  1317.147880  1408.097566  1488.336329   618.500000  2035.286713
2013  8.084342e+05  1626.628115     252.978833  1472.400966  1582.428203  1745.148241   206.666667  2939.333333
2014  8.734356e+05  1757.415710     272.835273  1600.907407  1723.301333  1894.015428   679.857143  3886.666667
2015  8.857261e+05  1782.144976     285.844381  1613.166667  1739.551049  1908.472081   927.758621  3637.285714
2016  9.518874e+05  1915.266417     310.649601  1724.292428  1883.458874  2062.421053   826.000000  3715.181034
2017  8.993384e+05  1809.533966     334.544742  1615.071979  1762.261759  1960.863636   907.333333  4569.000000
2018  9.538680e+05  1919.251558     422.971848  1695.767442  1853.589973  2091.969231   861.750000  7545.500000
2019  1.042251e+06  2097.084297     376.839830  1838.402770  2056.751613  2309.771812  1170.230769  4280.000000
2020  3.181801e+05   640.201493     152.036246   529.784000   622.597610   720.759494   231.533333  1410.670295
2021  5.203045e+05  1046.890395     306.525813   832.590426  1011.840731  1207.626866   360.750000  2738.000000
=================================================================

Repasse por população:
       Total  Média do total anual     Média  Desvio padrão        Q0   Mediana        Q1   Mínimo     Máximo
463659.85987          30910.657325 62.244578       50.98332 23.710309 50.118583 87.531733 0.233874 429.607527

Mínimo(s):
   Nome cidade  Ano  Repasse por população
Pinto Bandeira 2013               0.233874

Máximo(s):
Nome cidade  Ano  Repasse por população
  Redentora 2019             429.607527

Métricas anuais:
             Total      Média  Desvio padrão         Q0    Mediana          Q1    Mínimo      Máximo
Ano                                                                                                 
2007  18360.721257  37.017583      22.269529  19.062933  34.395487   52.376087  0.463432  101.936777
2008  20753.737083  41.842212      26.138490  20.263779  37.529019   60.077754  0.413265  114.191638
2009  24165.743613  48.721257      30.809028  23.949475  44.048274   70.105086  0.275458  134.397998
2010  27645.884368  55.737670      36.664408  25.914471  49.398691   80.927978  0.242736  156.882459
2011  31971.570071  64.458811      41.877587  29.818387  58.970408   94.544908  0.262611  182.122240
2012  37573.186817  75.752393      48.567329  36.022856  68.298674  110.764983  1.538032  230.733827
2013  41558.707884  83.619131      56.296368  38.146557  74.327154  121.790385  0.233874  303.330329
2014  42511.055034  85.535322      60.532339  37.862630  74.494257  123.380902  1.612674  376.000877
2015  40971.054264  82.436729      59.582594  35.338452  69.759180  117.451209  2.321249  391.166146
2016  38691.911335  77.850928      58.418670  31.486042  68.249762  110.117647  2.485456  381.361779
2017  35825.510811  72.083523      57.874318  27.852661  61.369574  102.114685  1.635875  405.699666
2018  36295.106407  73.028383      59.980797  28.515236  62.714601  100.396217  1.789720  426.697528
2019  35092.080104  70.607807      60.255390  26.476583  58.351802   95.945656  1.269286  429.607527
2020  11729.194573  23.599989      20.430930  10.002039  19.775760   30.628197  0.627473  180.133254
2021  20514.396250  41.276451      36.472763  17.222202  34.401733   53.084925  0.833944  320.649771
=================================================================
